Gamma inverse written out as an matrix of 9x9 for each conditional PDF written out successively. So its 81x5 values
0.568164
0.000000
0.000000
0.000000
0.000000
0.000000
0.000000
0.000000
0.000000
0.589929
0.646674
0.000000
0.000000
0.000000
0.000000
0.000000
0.000000
0.000000
0.567724
0.747522
0.994762
0.000000
0.000000
0.000000
0.000000
0.000000
0.000000
0.004385
0.060080
0.020331
0.989978
0.000000
0.000000
0.000000
0.000000
0.000000
0.056565
0.043709
0.002296
-0.015632
0.979174
0.000000
0.000000
0.000000
0.000000
-0.028469
-0.089527
0.007215
0.093397
0.151974
0.998573
0.000000
0.000000
0.000000
-0.016970
-0.087140
-0.054606
-0.028953
-0.086015
0.001591
0.694924
0.000000
0.000000
-0.034837
-0.036563
-0.083360
-0.049841
0.098023
0.022305
-0.002920
0.999989
0.000000
0.036504
0.023616
-0.006821
0.087486
0.033384
0.048499
-0.719077
-0.004638
1.000000
0.523983
0.000000
0.000000
0.000000
0.000000
0.000000
0.000000
0.000000
0.000000
0.601923
0.649711
0.000000
0.000000
0.000000
0.000000
0.000000
0.000000
0.000000
0.590562
0.745818
0.994066
0.000000
0.000000
0.000000
0.000000
0.000000
0.000000
0.020225
0.048217
0.047204
0.989445
0.000000
0.000000
0.000000
0.000000
0.000000
0.106226
0.110511
0.061686
-0.029472
0.994566
0.000000
0.000000
0.000000
0.000000
0.004088
-0.067346
-0.008633
0.049848
0.097296
0.995688
0.000000
0.000000
0.000000
0.028095
0.033851
-0.002671
-0.013674
-0.013493
-0.049943
0.661069
0.000000
0.000000
0.042556
0.037329
0.068773
0.128473
-0.000011
0.060870
0.025383
0.999670
0.000000
0.007558
-0.004297
0.031420
0.030876
-0.034499
0.049057
-0.749895
-0.025692
1.000000
0.501190
0.000000
0.000000
0.000000
0.000000
0.000000
0.000000
0.000000
0.000000
0.517963
0.532761
0.000000
0.000000
0.000000
0.000000
0.000000
0.000000
0.000000
0.685985
0.840044
0.997774
0.000000
0.000000
0.000000
0.000000
0.000000
0.000000
0.006896
0.018916
-0.005028
0.996268
0.000000
0.000000
0.000000
0.000000
0.000000
0.028656
0.002213
-0.009458
0.000892
0.996451
0.000000
0.000000
0.000000
0.000000
0.025994
-0.087093
0.060183
0.008789
0.039367
0.997892
0.000000
0.000000
0.000000
0.071800
0.020949
-0.001493
-0.057193
-0.058239
-0.054475
0.733195
0.000000
0.000000
-0.007043
-0.000827
-0.018388
0.028751
0.031242
0.016011
-0.009925
0.997567
0.000000
-0.056547
-0.045880
-0.019209
-0.057220
0.034174
0.031424
-0.679946
0.069712
1.000000
0.458871
0.000000
0.000000
0.000000
0.000000
0.000000
0.000000
0.000000
0.000000
0.576346
0.606095
0.000000
0.000000
0.000000
0.000000
0.000000
0.000000
0.000000
0.655220
0.781031
0.991284
0.000000
0.000000
0.000000
0.000000
0.000000
0.000000
-0.016027
0.009668
-0.015745
0.994042
0.000000
0.000000
0.000000
0.000000
0.000000
0.076448
0.028636
0.016532
-0.073967
0.997668
0.000000
0.000000
0.000000
0.000000
0.036137
-0.035997
0.070600
-0.030477
0.012028
0.994316
0.000000
0.000000
0.000000
0.084026
0.094367
0.043250
-0.041740
-0.027438
0.031874
0.668085
0.000000
0.000000
0.113395
0.102492
0.069812
0.005446
-0.059455
-0.066896
0.018699
0.999789
0.000000
-0.024975
0.031946
0.071458
0.060905
0.015053
0.076449
-0.743850
-0.020544
1.000000
0.426200
0.000000
0.000000
0.000000
0.000000
0.000000
0.000000
0.000000
0.000000
0.489921
0.515988
0.000000
0.000000
0.000000
0.000000
0.000000
0.000000
0.000000
0.738321
0.829108
0.986181
0.000000
0.000000
0.000000
0.000000
0.000000
0.000000
0.058663
0.068681
0.064464
0.991378
0.000000
0.000000
0.000000
0.000000
0.000000
-0.006671
0.016040
0.033627
-0.002753
0.979204
0.000000
0.000000
0.000000
0.000000
-0.104887
-0.140785
-0.058264
-0.043368
0.144684
0.998737
0.000000
0.000000
0.000000
-0.023613
0.039066
0.024007
-0.001302
-0.088749
0.020458
0.616171
0.000000
0.000000
0.133934
0.141302
0.132575
0.077516
0.052583
-0.018843
0.025407
0.997306
0.000000
-0.015155
-0.007021
0.024765
0.096283
-0.097905
0.041844
-0.787202
0.073349
1.000000
